%YAML:1.0
---
K: !!opencv-matrix
   rows: 3
   cols: 3
   dt: d
   data: [ 4.6223891462597084e+02, 0., 6.6430416829945170e+02, 0.,
       4.5939142549071386e+02, 3.1840511295018064e+02, 0., 0., 1. ]
D: !!opencv-matrix
   rows: 1
   cols: 5
   dt: d
   data: [ 2.4925430862213918e-01, -4.0709477553344736e-01,
       -6.7079559991616222e-03, 2.3539216376681463e-03,
       2.0450400190251042e-01 ]
